22
55
44
00
11
AA
22
BB
00
AB
CD
EF
00
34
22
55
44
77
00
00
00
00
00
22
55
44
00
00
00
00
00
00
AB
CD
EF
00
34
22
55
44
77
00
00
00
00
00
22
55
44
00
00
00
00
00
00
AB
CD
EF
00
34
22
55
44
77
00
00
00
00
00
22
55
44
00
00
00
00
00
00
AB
CD
EF
00
34
22
55
44
77
00
00
00
00
00
22
55
44
00
00
00
00
00
00
AB
CD
EF
00
34
22
55
44
77
00
00
00
00
00
22
55
44
00
00
00
00
00
00
AB
CD
EF
00
34
22
55
44
77
00
00
00
00
00
22
55
44
00
00
00
00
00
00
AB
CD
EF
00
34
22
55
44
77
00
00
00
00
00
22
55
44
00
00
00
00
00
00
AB
CD
EF
00
34
22
55
44
77
00
00
00
00
00
22
55
44
00
00
00
00
00
00
AB
CD
EF
00
34
22
55
44
77
00
00
00
00
00
22
55
44
00
00
00
00
00
00
AB
CD
EF
00
34
22
55
44
77
00
00
00
00
00
22
55
44
00
00
00
00
00
00
AB
CD
EF
00
34
22
55
44
77
00
00
00
00
00
22
55
44
00
00
00
00
00
00
AB
CD
EF
00
34
22
55
44
77
00
00
00
00
00
22
55
44
00
00
00
00
00
00
AB
CD
EF
00
34
22
55
44
77
00
00
00
00
00
22
55
44
00
00
00
00
00
00
AB
CD
EF
00
34
22
55
44
77
00
00
00
00
00
22
55
44
00
00
00
00
00
00
AB
CD
EF
00
34
22
55
44
77
00
00
00
00
00
22
55
44
00
00
00
00
00
00
AB
CD
EF
00
34
22
55
44
77
00
00
00
00
00
43
13
15
41
11
49
14
12
43
05
05 
53
16
56
23
20
29
32
47
46
34
19
36
40
47
38
18
41
16
54
43
37
36
49
16
49
48
14
37
27
08
23
41
53
16
36
31
11
54
22
47
45
17
35
03
59
53
17
59
60
30
05
57
38
61
03
63
19
52
06
48
02
01
48
43
20
37
07
45
45
09
08
46
50
53
12
06
39
44
59
52
25
22
43
27
53
51
22
21
22
55
44
00
11
AA
22
BB
00
AB
CD
EF
00
34
22
55
44
77
00
00
00
00
00
22
55
44
00
00
00
00
00
00
AB
CD
EF
00
34
22
55
44
77
00
00
00
00
00
22
55
44
00
00
00
00
00
00
AB
CD
EF
00
34
22
55
44
77
00
00
00
00
00
22
55
44
00
00
00
00
00
00
AB
CD
EF
00
34
22
55
44
77
00
00
00
00
00
22
55
44
00
00
00
00
00
00
AB
CD
EF
00
34
22
55
44
77
00
00
00
00
00
22
55
44
00
00
00
00
00
00
AB
CD
EF
00
34
22
55
44
77
00
00
00
00
00
22
55
44
00
00
00
00
00
00
AB
CD
EF
00
34
22
55
44
77
00
00
00
00
00
22
55
44
00
00
00
00
00
00
AB
CD
EF
00
34
22
55
44
77
00
00
00
00
00
22
55
44
00
00
00
00
00
00
AB
CD
EF
00
34
22
55
44
77
00
00
00
00
00
22
55
44
00
00
00
00
00
00
AB
CD
EF
00
34
22
55
44
77
00
00
00
00
00
22
55
44
00
00
00
00
00
00
AB
CD
EF
00
34
22
55
44
77
00
00
00
00
00
22
55
44
00
00
00
00
00
00
AB
CD
EF
00
34
22
55
44
77
00
00
00
00
00
22
55
44
00
00
00
00
00
00
AB
CD
EF
00
34
22
55
44
77
00
00
00
00
00
22
55
44
00
00
00
00
00
00
AB
CD
EF
00
34
22
55
44
77
00
00
00
00
00
22
55
44
00
00
00
00
00
00
AB
CD
EF
00
34
22
55
44
77
00
00
00
00
00
22
55
44
00
00
00
00
00
00
AB
CD
EF
00
34
22
55
44
77
00
00
00
00
00
43
13
15
41
11
49
14
12
43
05
05 
53
16
56
23
20
29
32
47
46
34
19
36
40
47
38
18
41
16
54
43
37
36
49
16
49
48
14
37
27
08
23
41
53
16
36
31
11
54
22
47
45
17
35
03
59
53
17
59
60
30
05
57
38
61
03
63
19
52
06
48
02
01
48
43
20
37
07
45
45
09
08
46
50
53
12
06
39
44
59
52
25
22
43
27
53
51
22
21
22
55
44
00
11
AA
22
BB
00
AB
CD
EF
00
34
22
55
44
77
00
00
00
00
00
22
55
44
00
00
00
00
00
00
AB
CD
EF
00
34
22
55
44
77
00
00
00
00
00
22
55
44
00
00
00
00
00
00
AB
CD
EF
00
34
22
55
44
77
00
00
00
00
00
22
55
44
00
00
00
00
00
00
AB
CD
EF
00
34
22
55
44
77
00
00
00




